2076 1920 31004 31031 -702
2157 1956 31647 31670 -441
2205 2060 33236 33264 202
1869 2193 34684 34702 790
2037 2116 33820 33828 434
1969 1889 30402 30425 -948
2184 2193 35148 35164 976
2219 2144 34484 34503 708
2090 2076 33305 33339 229
2196 1912 31057 31084 -677
2222 2039 32960 32980 88.9
1985 2124 33855 33879 451
2176 2042 32940 32961 79.4
1959 1877 30209 30244 -1024
2157 1850 30099 30134 -1067
1899 1963 31376 31402 -552
2024 1901 30648 30681 -844
1888 2243 35446 35476 1097
2095 2155 34467 34483 699.4
1936 1986 31756 31796 -393.4
1965 2043 32644 32678 -39.2
1994 1933 31071 31100 -672.4
1914 1974 31560 31588 -477.4
2149 2119 34017 34038 519
1949 2210 35052 35084 938
2217 1946 31590 31618 -464
2244 1988 32243 32268 -199
2143 1858 30211 30233 -1027.2
2044 2050 32856 32887 48.9
2034 2090 33422 33458 279.4
2038 2054 32911 32954 69.04
2014 1922 30947 30977 -725.3
1963 2115 33691 33715 385.5
1928 1844 29688 29718 -1237.2
2101 2024 32564 32596 -70.67
1920 1873 30087 30131 -1070.1
2077 2057 33006 33042 109.88
2937 506 11643 11687 -8547
1601 1685 26880 26918 -2371.4
2620 3329 52367 52381 7954
551 2443 36410 36448 1490.5
3608 2298 38751 38780 2442
1966 676 12704 12736 -8120
2583 1380 23876 23908 -3591
466 1170 17716 17765 -6087
1234 1408 22308 22353 -4224
3664 1485 26996 27024 -2329
2987 2132 35433 35452 1093.2
3525 1324 24441 24480 -3362
1703 2140 33680 33698 380.1
